0	0	0	0.2	out: 0.2
0.1	0.05	0.01	0.1	out: 0.26
0.3	0.2	0.03	0.05	out: 0.58
0.2	0.3	0.1	0.001	out: 0.601
0	0.5	0.2	0	out: 0.7
0	0	0	0.2	out: 0.2
0	0	0	0.1	out: 0.1
0	0	0	0.05	out: 0.05
0	0	0	0.001	out: 0.001
0	0	0	0	out: 0
0	0.05	0	0.2	out: 0.25
0	0.2	0	0.2	out: 0.4
0	0.3	0	0.2	out: 0.5
0	0.5	0	0.2	out: 0.7
0	0	0.01	0.2	out: 0.21
0	0	0.03	0.2	out: 0.23
0	0	0.1	0.2	out: 0.3
0	0	0.2	0.2	out: 0.4
0.1	0.05	0.01	0.2	out: 0.36
0.1	0.05	0.01	0.1	out: 0.26
0.1	0.05	0.01	0.05	out: 0.21
0.1	0.05	0.01	0.001	out: 0.161
0.1	0.05	0.01	0.1	out: 0.26
0.3	0.2	0.03	0.05	out: 0.58
0.2	0.3	0.1	0.001	out: 0.601
0	0.5	0.2	0	out: 0.7
0.3	0.2	0.03	0.001	out: 0.531
0.2	0.3	0.03	0.2	out: 0.73
0.3	0.05	0.001	0.1	out: 0.451
